	1	2	3	4	5	6	7	8	9	12	17	22	27	32	37	42	47	52	57	62	67	72	77	82	87	92	97	102	107	112	117	122	127	132	137	142	147	152	157	162	167	172	177	182	187	192	197	202	207	212	217	222	226
HB1_1	36.11302739875032	36.2494772845385	36.20601636431757	36.32814445075597	36.43434331226357	36.20239059233028	34.1749253695266	36.34175922456823	36.466159461452	36.2851512551214	36.13777691833553	36.29273878730013	36.22711594010225	36.18390157237645	36.38652542270459	36.11385770053541	36.09493842230575	35.684723414026905	35.6464340532505	35.867158965929825	35.891947160416244	35.860759478372266	36.08453849965555	35.934603159255985	35.86947341704838	35.79303610060308	35.34165528577126	35.936500646596	35.58013560387233	35.56911446562164	35.20017645423671	35.633201194087576	35.675650523924055	35.6226622835112	35.455899735318646	35.403375593720156	35.69522606688341	35.26301954291101	35.555774041889755	35.647747791300574	35.51337909863308	35.041689126309805	34.79036511523911	35.15051425532686	34.96753242044452	33.3580244377032	33.9213787602277	33.901188044621165	34.79187101920451	34.57002695157177	33.913907252752566	34.74310922033816	34.25840120627102
	1	2	3	4	5	6	7	8	9	12	17	22	27	32	37	42	47	52	57	62	67	72	77	82	87	92	97	102	107	112	117	122	127	132	137	142	147	152	157	162	167	172	177	182	187	192	197	202	207	212	217	222
HB1_2	36.54007082341282	36.597503051691426	36.30185156089484	36.3021778803737	36.0015409530946	36.40609854848262	36.48704995105208	36.29448520080734	36.56707073881147	36.46530619644433	36.46712754257261	36.35402762838254	36.33473852141018	36.41804667577138	36.353808873472644	36.199140692039016	36.349228314862046	36.25600850847826	36.25798817998332	36.27050071911144	36.1023676291077	35.746270893511074	35.935410497818495	35.84091441969519	36.111143205907595	35.8015409530946	36.184371714144135	35.995972975912785	35.80832718966413	35.38260958895832	35.61320506157769	36.028242346599626	35.53426354527985	35.672296684835814	35.66513578516093	35.74407125850546	35.35108471011954	35.2329655189084	35.419420843354565	35.43266337124279	35.19488040995395	35.65237790212833	34.99079537351494	35.340763345862385	35.05266554670599	34.90354358782224	34.93608005704548	35.40750051365103	35.150696752516886	34.40201230345294	34.81683445933696	34.453851219725166
	1	2	3	4	5	6	7	8	9	12	17	22	27	32	37	42	47	52	57	62	67	72	77	82	87	92	97	102	107	112	117	122	127	132	137	142	147	152	157	162	167	172	177	182	187	192	197	202	207	212	217	222	226
HB2_1	36.13517307065694	36.31196581196581	36.23229816778204	36.38286086673183	36.49390931648996	35.88642003158132	33.884145424468	36.323157129608745	36.44683810812843	36.26215504925183	35.9970536631827	36.36734591573302	36.185129207709856	36.08989397699075	36.41015740531869	36.00420457678523	36.0358021906409	35.38048224177256	35.2605459057072	35.77421610647417	35.84461488332456	35.60289495450786	36.05196004712134	35.96194200065168	35.9226270145625	35.760884277013304	35.231877083489984	35.94685189362608	35.470683259392935	35.485235732009926	34.9586435070306	35.51422412712735	35.62461212622503	35.6754116850891	35.359300198009876	35.42273729854376	35.664669022733534	35.30729252826028	35.661680076196205	35.63126926836604	35.66005213424568	35.2381394591072	34.6638932751836	35.26200215555054	34.95960473218538	33.37772263578715	33.675550793292736	33.89465373336342	34.80548286838609	34.69902498934757	33.671855026693734	34.71609895480863	34.053460488332504
	1	2	3	4	5	6	7	8	9	12	17	22	27	32	37	42	47	52	57	62	67	72	77	82	87	92	97	102	107	112	117	122	127	132	137	142	147	152	157	162	167	172	177	182	187	192	197	202	207	212	217	222
HB2_2	36.55218437476502	36.56310624859012	36.31325036970198	36.30885780885781	35.94570393763942	36.335194375516956	36.46546732837056	36.30553675714966	36.53166904779808	36.44099932325739	36.44704614382034	36.34117352181868	36.30114043662431	36.419753364914655	36.35028322931548	36.192816502493926	36.3240970499035	36.25998445998446	36.23055618216908	36.28435972629521	36.1011592350302	35.641765044990855	35.88387347419606	35.82519613003484	36.10833270671981	35.76402110434368	36.16190189738577	35.96734090282477	35.81848885881144	35.25622728525954	35.50922375115924	36.04276512018448	35.46384439932827	35.57530014788079	35.7258315161541	35.744286537834924	35.30158157254931	35.15839536807279	35.44443567185503	35.4180489761135	35.140429104945234	35.665423465423466	34.968446249091414	35.299848359525775	35.03230443391733	34.878683860941926	34.88498759305211	35.445785397398296	35.1618542747575	34.33516555129459	34.82092011930722	34.46250913193629
	1	2	3	4	5	6	7	8	9	12	17	22	27	32	37	42	47	52	57	62	67	72	77	82	87	92	97	102	107	112	117	122	127	132	137	142	147	152	157	162	167	172	177	182	187	192	197	202	207	212	217	222	226
HB3_1	36.062201617449126	36.20984274161078	36.152035616091666	36.303288966604164	36.41935762191264	36.15247276450355	34.23664684160273	36.274483187042	36.46253753149194	36.24034879841706	36.07164172236474	36.259678810956316	36.175801534621	36.13872329655918	36.34771129798567	36.00422768529916	36.03810208565808	35.63768794505735	35.52532814890655	35.809784071692334	35.830318543145395	35.76362925213109	36.001181451102646	35.83809288253362	35.781444200306005	35.73562874595926	35.39761178920243	35.85384633082931	35.44358714783669	35.53312319532481	35.3752562494967	35.31075845249462	35.55469186788915	35.519775213685044	35.30745338042266	35.28776674681054	35.56030922498188	35.19797761339974	35.45828913916275	35.498855361395194	35.4944631702463	34.95706512360947	34.627773879231995	35.014865346785236	34.84978660255157	33.14241950142073	33.643886249381666	33.66337501581786	34.56233621314436	34.38845928192622	33.69374302575724	34.62247063647379	34.00248306623613
	1	2	3	4	5	6	7	8	9	12	17	22	27	32	37	42	47	52	57	62	67	72	77	82	87	92	97	102	107	112	117	122	127	132	137	142	147	152	157	162	167	172	177	182	187	192	197	202	207	212	217	222
HB3_2	36.55421215502663	36.55891725240719	36.308718810036005	36.3013102948451	35.91370920427485	36.32919576196119	36.47547367331209	36.278687864530006	36.525705477009446	36.432172972724246	36.44014057772614	36.332269605531074	36.28795656125254	36.40468669113164	36.325674416464395	36.17639513614872	36.31832112002025	36.23288391408883	36.2020534471453	36.24098726517653	36.07841177079619	35.68631495392685	35.905830179345884	35.756076938120486	36.052897258619296	35.71821988565118	36.13198775984447	35.95606198304324	35.778789098899075	35.22845721122321	35.479253856684345	35.97858547977039	35.425723883258364	35.59203354538866	35.48758268432133	35.68149826866222	35.25651523692294	35.133923867152895	35.315588942445956	35.332875861354935	35.10240776743704	35.556800533781214	34.8208887917448	35.19585514282098	34.966333820332	34.75309972735744	34.79257422895073	35.312235553970574	35.05573757290601	34.19107181888251	34.62645118437	34.252368999742586
	1	2	3	4	5	6	7	8	9	12	17	22	27	32	37	42	47	52	57	62	67	72	77	82	87	92	97	102	107	112	117	122	127	132	137	142	147	152	157	162	167	172	177	182	187	192	197	202	207	212	217	222	226
HB4_1	36.19470256332982	36.25974294149491	36.22890261802311	36.32127848376781	36.450203983681305	36.20387764327691	34.26233250177195	36.36464803745933	36.553457118779335	36.32368164035249	36.13715405093174	36.31233557129383	36.24268198079037	36.16193681249686	36.40996757468705	36.15243245656626	36.09677253726679	35.64115838174806	35.47730953616734	35.89368738872983	35.92621204257148	35.80845513754248	36.12413816197029	35.939542697049355	35.90868786311048	35.912578900664684	35.365298776097916	35.98273812513604	35.677994876688935	35.70802484638439	35.27320084160709	35.605679173573094	35.72038441575836	35.667672353653565	35.53373292927264	35.3705169632941	35.70588622677628	35.36119789486609	35.61055580669826	35.6914840301148	35.549754717297034	35.288790664188724	34.761217986282034	35.24126330358688	35.09210798019879	33.59940618703992	33.96684693131526	33.93039775422618	34.91593639950665	34.81672275520283	33.86952188011006	34.82869723910459	34.13955576563283
	1	2	3	4	5	6	7	8	9	12	17	22	27	32	37	42	47	52	57	62	67	72	77	82	87	92	97	102	107	112	117	122	127	132	137	142	147	152	157	162	167	172	177	182	187	192	197	202	207	212	217	222
HB4_2	36.5741624390979	36.571522650281004	36.32106640771064	36.33210552458129	35.96924897171017	36.358157393920116	36.50486379694276	36.321518464569344	36.5675657575301	36.470379113856936	36.46505488863217	36.36128719004805	36.34116340460205	36.441330274973346	36.37821309178987	36.21542797506432	36.34895664160821	36.28610176302175	36.24248887995937	36.297302727409715	36.10928948939899	35.638467248201536	35.93337686473454	35.87099190204319	36.14087096288111	35.76921325363738	36.187103543344435	35.95740954677114	35.856264894157306	35.41644147537964	35.60642590453229	36.10717096120682	35.48388947488853	35.620253263459844	35.74411014560696	35.72586044279248	35.28149859639136	35.044148654154185	35.46800944296549	35.45648813211222	35.019220787918364	35.710358799203036	35.01569362823068	35.31595425854304	35.05581953443724	34.8990953281877	34.96196694962078	35.499850988665095	35.23798840278824	34.41471026503926	34.89466851954169	34.538286616774926
	1	2	3	4	5	6	7	8	9	12	17	22	27	32	37	42	47	52	57	62	67	72	77	82	87	92	97	102	107	112	117	122	127	132	137	142	147	152	157	162	167	172	177	182	187	192	197	202	207	212	217	222	226
HB5_1	36.14260884158036	36.252667098197165	36.218594169543536	36.362006137322595	36.470146480629076	36.089212936325275	34.128925728807054	36.336503883774455	36.46402114499425	36.27867160529344	36.06958668968162	36.31765439202148	36.19242544112006	36.132460682777136	36.39748154008439	36.05653169351745	36.07236406789413	35.58521768316072	35.43792194092828	35.82138233601841	35.88935677982355	35.728425872650554	36.055786104718074	35.8687308208669	35.852874472573845	35.8119366129651	35.2445663118527	35.92878428270042	35.55755777713847	35.5815856348293	35.07015846758726	35.54137058879938	35.64798978711163	35.63544543536632	35.41317366705025	35.38202915228232	35.649538502109706	35.291951956271575	35.59241225546605	35.6264048714998	35.55216844073648	35.162574319140774	34.6576165132336	35.140257000383585	34.93107738780207	33.37681242807825	33.80073959532029	33.80005274261604	34.73767381089375	34.67299697928654	33.77433232642885	34.70906149711432	34.06454619635209
	1	2	3	4	5	6	7	8	9	12	17	22	27	32	37	42	47	52	57	62	67	72	77	82	87	92	97	102	107	112	117	122	127	132	137	142	147	152	157	162	167	172	177	182	187	192	197	202	207	212	217	222
HB5_2	36.578035097813576	36.58256017453011	36.34465501534331	36.32783731300345	35.951063243191406	36.356474156118146	36.48811493095512	36.297983793632525	36.571789892596854	36.455632671653234	36.46708740889911	36.36307417529728	36.34346111430764	36.44159953970081	36.379285337552744	36.22554540659762	36.359579976985046	36.26910361526659	36.224543296892975	36.27790084388185	36.07462121212121	35.656818181818174	35.91182393555812	35.809026179516685	36.11661032796318	35.761689681626386	36.17988708285385	35.97886699271193	35.78714158995013	35.195771001150746	35.53874065017261	36.01505681818182	35.50467850978136	35.6202172036824	35.68597885500576	35.719791666666666	35.299111766398156	35.13688267165325	35.40479837936325	35.41636579401611	35.128760308784045	35.63086162255466	34.95768244150365	35.30525747986191	35.03404056386651	34.861059167625626	34.87999256808592	35.433740889911775	35.153753116609124	34.335730724971235	34.81556985999232	34.42573722142636
	1	2	3	4	5	6	7	8	9	12	17	22	27	32	37	42	47	52	57	62	67	72	77	82	87	92	97	102	107	112	117	122	127	132	137	142	147	152	157	162	167	172	177	182	187	192	197	202	207	212	217	222	226
N1_1	36.01443404236427	36.174534819838065	36.17403537200539	36.35432494075994	36.42685586490491	36.36469680741847	34.91182525985161	36.34200522755398	36.32703289141449	36.278556484775166	36.30854444253298	36.30219146610137	36.21627312027259	36.2780525974062	36.353150683411116	35.93705958412644	36.222931314824166	36.06684165838878	35.88024572833368	35.9367976514853	35.900866264518676	36.031936914189316	35.863528654432045	35.86625120006215	35.686694154795525	35.720648838228854	35.337263802795796	35.70177747934228	35.40730636684999	35.21719099440063	34.91135799865704	35.58088890615375	35.45428553987536	35.50172087525458	35.42532311500064	35.43768167414914	35.577345046309915	35.10284074828384	35.32755342704454	35.34230378636952	35.41577811197621	34.625983496023835	34.90803167609143	34.81437965804472	34.58512977319519	33.01525091704171	33.82009778078679	33.8270911603283	34.275695203635976	34.118565585824555	34.12660225639432	34.123280373365006	33.98189868685759
	1	2	3	4	5	6	7	8	9	12	17	22	27	32	37	42	47	52	57	62	67	72	77	82	87	92	97	102	107	112	117	122	127	132	137	142	147	152	157	162	167	172	177	182	187	192	197	202	207	212	217	222
N1_2	36.60588016581668	36.608749216144375	36.36434164451523	36.31661662939306	35.99855160128524	36.37273236810415	36.44367060860493	36.29344224995699	36.4080877252371	36.40190345118452	36.433531817601654	36.36831169984295	36.299393448354316	36.37171460440957	36.23459286677506	36.15189318475685	36.28670636352033	36.15966903256955	36.20180689127021	36.237403093246904	36.0549159540286	35.80276472122487	35.8721324757629	35.762152953124044	36.03135977447156	35.79234623943529	36.12328148324907	35.9659920421312	35.741825426334216	35.54662678483233	35.34039256599648	35.8409247554093	35.44744310456773	35.70308159312761	35.458551934250465	35.68276183552628	35.35577222959062	35.26384719116088	35.20830415263126	35.366407138774356	35.1097264690703	35.32519270362211	34.7815071115822	35.145512461223426	34.882873933817606	34.700655386544874	34.51814937929733	35.09655547478066	34.762267271183525	34.274148025238766	34.4451911497844	33.98905385323799
	1	2	3	4	5	6	7	8	9	12	17	22	27	32	37	42	47	52	57	62	67	72	77	82	87	92	97	102	107	112	117	122	127	132	137	142	147	152	157	162	167	172	177	182	187	192	197	202	207	212	217	222	226
N2_1	35.88715606053	36.23221945192796	36.21551959750785	36.36021820250665	36.4675011016103	36.257603899979365	34.53999542622557	36.351355120117354	36.323644740438304	36.27037030839511	36.29663158247018	36.319918787615116	36.24583591305367	36.325267872581335	36.364383683896406	35.89218051906762	36.221697539644026	36.0753880736043	35.93378401744728	35.918055811203516	35.84653648142881	36.05506266628738	35.930040215748285	35.99316499612345	35.78702832951256	35.680766162993706	35.43986323298918	35.78289185254598	35.38776794230351	35.09389289558966	34.956770022813096	35.712750232872054	35.47034911285509	35.55172659984494	35.46218994550516	35.47597820206043	35.645961970738995	34.98205183982865	35.37714451453847	35.38205964871181	35.30255294701673	34.5781128160506	35.128780754449664	34.867933936848445	34.497510639603306	32.89705103105147	34.00287924677744	33.94200565586252	34.45147281114216	34.08369672528907	34.25178103859069	34.038477106798084	33.87228582996805
	1	2	3	4	5	6	7	8	9	12	17	22	27	32	37	42	47	52	57	62	67	72	77	82	87	92	97	102	107	112	117	122	127	132	137	142	147	152	157	162	167	172	177	182	187	192	197	202	207	212	217	222
N2_2	36.55957898964208	36.601122248065906	36.32522882816553	36.281632949024726	36.00264944250152	36.39433744415254	36.47073063257531	36.2439439322189	36.41672104996012	36.409857041660395	36.4550749373895	36.352949247837216	36.27673231706297	36.36566434073504	36.2335926998098	36.10816084068206	36.263370202417406	36.16842087649135	36.2216640730019	36.247942080398026	36.08868325496561	35.902044254056435	35.88060775422098	35.81425455843554	36.00645348415633	35.83672406195791	36.13084229960454	35.93257475611184	35.686121941288356	35.586923467367235	35.30212568955227	35.92324202517807	35.58207972869709	35.750366738619945	35.50006972217109	35.69778618162347	35.419784363269244	35.302042022946964	35.2351522453328	35.3927232364474	35.12827094593464	35.38390142958339	34.74002777731296	35.14953007256683	34.92073537368295	34.70907559556679	34.57580584885349	35.051375757879995	34.72616031637133	34.311451727157625	34.45095186379307	34.056821092067736
	1	2	3	4	5	6	7	8	9	12	17	22	27	32	37	42	47	52	57	62	67	72	77	82	87	92	97	102	107	112	117	122	127	132	137	142	147	152	157	162	167	172	177	182	187	192	197	202	207	212	217	222	226
N3_1	36.1149969720564	36.303508088935025	36.20572713902587	36.372458690198116	36.46683320356432	36.313521930962885	35.12138809585604	36.379942036508346	36.324487412405915	36.32536227182282	36.29051280387577	36.35563630071806	36.129677091443895	36.25400121117744	36.36851263085042	36.120219093347174	36.288423522796094	36.09297517086254	35.72130807163249	35.9399104593823	35.96007872653344	36.03521714681201	35.9362271822822	35.973725019465356	35.78506034259019	35.82350981918851	35.245686261787355	35.5915942123021	35.482516869971455	35.407848862358335	34.9929081235401	35.5342027857081	35.53753676788649	35.54204515961588	35.533715070507824	35.516215719352886	35.55815814516827	35.30512695734925	35.0956105631975	35.31048101046803	35.501237131239726	34.6934791071892	34.717328488623586	34.710927632148106	34.75379141794273	33.68313435418289	33.909453672463016	34.11154187213427	34.31545008218704	34.16407561207716	33.99590254347262	34.24663357556882	34.14704255782613
	1	2	3	4	5	6	7	8	9	12	17	22	27	32	37	42	47	52	57	62	67	72	77	82	87	92	97	102	107	112	117	122	127	132	137	142	147	152	157	162	167	172	177	182	187	192	197	202	207	212	217	222
N3_2	36.60442079764685	36.606356518729996	36.30649277619171	36.27715416558526	36.03673544424258	36.36193658620988	36.372847997231595	36.281274331689595	36.513344579980966	36.425254130980186	36.38724478761138	36.33464400034605	36.332092957868326	36.34707370879834	36.17604896617355	36.14487628687603	36.313814992646414	36.13186586209879	36.218163335928715	36.26347759321741	36.08220326152781	35.82167250627217	35.89249069988754	35.776837312916335	36.06593671597889	35.76865105112899	36.09856929665196	36.007765593909504	35.82502379098538	35.57817717795656	35.365005623323825	35.81865213253742	35.34157907258414	35.68868846786054	35.50390821005278	35.77104096375119	35.379485682152435	35.29224522017475	35.367042996799036	35.454902024396574	35.18757677999827	35.53090232719094	34.85581689592526	35.22028181503591	34.948661216368194	34.84904295354269	34.620759797560346	35.17394778960117	34.876595077428846	34.385085214983995	34.651002465611214	34.161360585780244
	1	2	3	4	5	6	7	8	9	12	17	22	27	32	37	42	47	52	57	62	67	72	77	82	87	92	97	102	107	112	117	122	127	132	137	142	147	152	157	162	167	172	177	182	187	192	197	202	207	212	217	222	226
N4_1	36.013255738764954	36.28878484916312	36.200887860926656	36.401340495908876	36.456956154094854	36.31606108085254	34.86766022532269	36.3543547464498	36.38432937899475	36.30322688950235	36.30167748514014	36.33532169414808	36.19864955606953	36.306171503892166	36.37951204954115	35.94464672088339	36.24249670471785	36.05184162749633	35.81581238031286	35.98344897908429	35.94762739685145	36.04513914795196	35.895824317938775	36.0050573254744	35.79818697306573	35.76230943321146	35.37569573975975	35.71971449178045	35.33021089805764	35.10473277127012	34.8330448407073	35.64335347807705	35.473834216220254	35.569641125121244	35.52308811460121	35.50467183963789	35.58893779999503	35.2913700912731	35.33766569673456	35.336693277624406	35.56190529483449	34.75183292297744	34.94669725683305	34.91051132830958	34.64010296202343	33.26560720236763	33.86560347185954	34.024214728045955	34.358638613245795	34.16115297570196	34.15912855330896	34.123150727797	33.94148650065718
	1	2	3	4	5	6	7	8	9	12	17	22	27	32	37	42	47	52	57	62	67	72	77	82	87	92	97	102	107	112	117	122	127	132	137	142	147	152	157	162	167	172	177	182	187	192	197	202	207	212	217	222
N4_2	36.60017657738317	36.615148349871916	36.36338257604019	36.31401551891368	36.041240766992466	36.37963515630829	36.45926906911388	36.29069984331866	36.36554005322191	36.41699619488175	36.42002785446044	36.34733641722003	36.278052177373226	36.36565196846477	36.16615310005223	36.08709865950409	36.26121266383147	36.169513044343304	36.23375861125619	36.286900942575045	36.127745032206725	35.92551791887389	35.91482752617573	35.780132557387645	36.03799895545773	35.82850108184735	36.129526971573526	35.97806088189212	35.86970454375886	35.58775647243154	35.194128180258154	35.889472506155336	35.3835136412246	35.74497500559576	35.57488248899501	35.779153920764	35.415378397871116	35.34294187868388	35.26894849411823	35.450167872864284	35.13354472879206	35.41043796165037	34.77423462408914	35.163441020667015	34.95302419856252	34.675734288343406	34.54488920390957	35.10828048446866	34.793431818747045	34.28025566415479	34.47269516774851	34.07539561201589
	1	2	3	4	5	6	7	8	9	12	17	22	27	32	37	42	47	52	57	62	67	72	77	82	87	92	97	102	107	112	117	122	127	132	137	142	147	152	157	162	167	172	177	182	187	192	197	202	207	212	217	222	226
N5_1	36.095540476795236	36.32622131910931	36.2214763477146	36.39511593308901	36.48049638956421	36.31188843330067	35.23121303385464	36.39354354899186	36.30839290250009	36.353288097052385	36.317639730517556	36.369760634759366	36.11899923799848	36.26125282726756	36.38289246102302	36.15536001548194	36.308158254411744	36.14296237163903	35.77625941918551	35.97528937915018	35.970393216976916	36.07073067479469	35.97161120988908	36.001006325822175	35.85806451612903	35.82077482250203	35.257975011188115	35.6076611391318	35.58598401006326	35.46678882881575	35.02198313920438	35.60489858122573	35.580086360172714	35.57925904423237	35.614519152847826	35.61234805326753	35.576750486834314	35.37478742576533	35.09724590877754	35.39872878793376	35.54491938507686	34.68712096471812	34.79995645705577	34.775879627949735	34.8342803923703	33.93354620994957	34.0149243441344	34.29357620620003	34.42777193173434	34.23460817397825	34.05915609056704	34.288391748779546	34.317021299805816
	1	2	3	4	5	6	7	8	9	12	17	22	27	32	37	42	47	52	57	62	67	72	77	82	87	92	97	102	107	112	117	122	127	132	137	142	147	152	157	162	167	172	177	182	187	192	197	202	207	212	217	222
N5_2	36.57108990408457	36.604896162173276	36.25612927416331	36.2222383492386	36.05215477097621	36.379246948970085	36.36838540343747	36.21140099423056	36.55164072232906	36.40596296430688	36.374251605646066	36.327057101733246	36.34720780870133	36.33441948788659	36.174065338606866	36.1809064189557	36.31710874850321	36.11349105555354	36.22114009942306	36.26438791925203	36.06596756050655	35.811303022606054	35.852345876120324	35.824763840003875	36.08623075341389	35.808684398321176	36.095269542920036	36.01509488733263	35.794276521886374	35.59482080868924	35.51042369703787	35.80746882446145	35.40888276062266	35.69959238966097	35.489154178308354	35.74827340130871	35.42093206091174	35.31056521160661	35.42061637456608	35.44745576157819	35.25425208945656	35.573972205087266	34.942110865174115	35.27322592740423	34.971149170869765	34.954514556648164	34.698554616156855	35.19053182868271	34.897199946780844	34.42769210300325	34.72798238929811	34.20083882664641

