	1	2	3	4	5	6	7	8	9	12	17	22	27	32	37	42	47	52	57	62	67	72	77	82	87	92	97	102	107	112	117	122	127	132	137	142	147	152	157	162	167	172	177	182	187	192	197	202	207	212	217	222	226
HB1_1	0.0	0.0	0.0	0.0	0.004834362649714168	0.007251543974571252	0.004230067318499897	0.0054386579809284396	0.003021476656071355	0.002779758523585647	0.0009668725299428337	0.00012085906624285421	0.00024171813248570842	0.0	0.0003625771987285626	0.0003625771987285626	0.0008460134636999795	0.0003625771987285626	0.001208590662428542	0.00024171813248570842	0.00024171813248570842	0.00012085906624285421	0.00024171813248570842	0.00024171813248570842	0.0003625771987285626	0.0	0.0010877315961856878	0.0007251543974571253	0.0007251543974571253	0.001812885993642813	0.00024171813248570842	0.00012085906624285421	0.00048343626497141684	0.0003625771987285626	0.00024171813248570842	0.0008460134636999795	0.0022963222586142302	0.0022963222586142302	0.0008460134636999795	0.00012085906624285421	0.002779758523585647	0.00024171813248570842	0.0009668725299428337	0.0010877315961856878	0.004109208252257043	0.001812885993642813	0.003384053854799918	0.00024171813248570842	0.0009668725299428337	0.001208590662428542	0.004109208252257043	0.001208590662428542	0.0006063570472837226
	1	2	3	4	5	6	7	8	9	12	17	22	27	32	37	42	47	52	57	62	67	72	77	82	87	92	97	102	107	112	117	122	127	132	137	142	147	152	157	162	167	172	177	182	187	192	197	202	207	212	217	222
HB1_2	0.0	0.002417181324857084	0.006647248643356981	0.001812885993642813	0.003021476656071355	0.001208590662428542	0.002417181324857084	0.00604295331214271	0.0	0.0008460134636999795	0.0009668725299428337	0.00024171813248570842	0.00048343626497141684	0.0	0.00012085906624285421	0.0003625771987285626	0.00012085906624285421	0.0009668725299428337	0.0	0.0003625771987285626	0.00048343626497141684	0.00048343626497141684	0.00024171813248570842	0.00012085906624285421	0.0003625771987285626	0.000604295331214271	0.000604295331214271	0.0014503087949142505	0.002417181324857084	0.0015711678611571047	0.0	0.00024171813248570842	0.0010877315961856878	0.0003625771987285626	0.001208590662428542	0.0	0.0037466310535284805	0.0019337450598856673	0.0003625771987285626	0.0021754631923713756	0.0	0.001208590662428542	0.00024171813248570842	0.0037466310535284805	0.0021754631923713756	0.004955221715957022	0.00048343626497141684	0.00024171813248570842	0.001692026927399959	0.0037466310535284805	0.0010877315961856878	0.0009672325783277032
	1	2	3	4	5	6	7	8	9	12	17	22	27	32	37	42	47	52	57	62	67	72	77	82	87	92	97	102	107	112	117	122	127	132	137	142	147	152	157	162	167	172	177	182	187	192	197	202	207	212	217	222	226
HB2_1	0.0	0.0	0.0	0.0	0.002506454119357345	0.011279043537108053	0.0018798405895180089	0.002506454119357345	0.0012532270596786726	0.002005163295485876	0.0003759681179036018	0.0	0.0	0.0	0.0003759681179036018	0.0003759681179036018	0.0007519362358072035	0.0	0.0007519362358072035	0.0	0.0	0.0	0.00012532270596786726	0.0	0.00012532270596786726	0.0	0.0002506454119357345	0.0008772589417750708	0.00012532270596786726	0.0018798405895180089	0.0	0.0	0.0003759681179036018	0.0002506454119357345	0.0	0.0003759681179036018	0.002005163295485876	0.0011279043537108053	0.0006266135298393363	0.00012532270596786726	0.0017545178835501416	0.00012532270596786726	0.0006266135298393363	0.0007519362358072035	0.0036343584730681505	0.0012532270596786726	0.0046369401208110885	0.000501290823871469	0.0021304860014537434	0.0012532270596786726	0.004260972002907487	0.0012532270596786726	0.0006274011163557197
	1	2	3	4	5	6	7	8	9	12	17	22	27	32	37	42	47	52	57	62	67	72	77	82	87	92	97	102	107	112	117	122	127	132	137	142	147	152	157	162	167	172	177	182	187	192	197	202	207	212	217	222
HB2_2	0.0	0.005639521768554027	0.011905657066947389	0.0037596811790360177	0.005639521768554027	0.0006266135298393363	0.0006266135298393363	0.0075193623580720355	0.0	0.0008772589417750708	0.0002506454119357345	0.0	0.000501290823871469	0.0	0.00012532270596786726	0.000501290823871469	0.0	0.0002506454119357345	0.000501290823871469	0.0007519362358072035	0.00012532270596786726	0.0002506454119357345	0.0	0.00012532270596786726	0.0003759681179036018	0.0006266135298393363	0.0007519362358072035	0.001002581647742938	0.002882422237260947	0.0007519362358072035	0.0	0.0	0.0007519362358072035	0.0003759681179036018	0.000501290823871469	0.0	0.004260972002907487	0.002506454119357345	0.00012532270596786726	0.002506454119357345	0.0	0.000501290823871469	0.000501290823871469	0.002882422237260947	0.003383713061132416	0.0031330676491966815	0.0003759681179036018	0.0002506454119357345	0.001002581647742938	0.004260972002907487	0.0011279043537108053	0.0008775679833111643
	1	2	3	4	5	6	7	8	9	12	17	22	27	32	37	42	47	52	57	62	67	72	77	82	87	92	97	102	107	112	117	122	127	132	137	142	147	152	157	162	167	172	177	182	187	192	197	202	207	212	217	222	226
HB3_1	0.0	0.0	0.0	0.0	0.001725585836391455	0.009203124460754426	0.0011503905575943032	0.0023007811151886065	0.0011503905575943032	0.001380468669113164	0.00023007811151886065	0.00011503905575943032	0.00011503905575943032	0.0	0.00011503905575943032	0.0005751952787971516	0.0005751952787971516	0.00011503905575943032	0.000690234334556582	0.000345117167278291	0.00011503905575943032	0.0004601562230377213	0.00011503905575943032	0.00011503905575943032	0.00023007811151886065	0.000690234334556582	0.0004601562230377213	0.0010353515018348728	0.0008052733903160122	0.0016105467806320243	0.000345117167278291	0.00011503905575943032	0.0005751952787971516	0.00011503905575943032	0.00023007811151886065	0.000345117167278291	0.001380468669113164	0.0018406248921508852	0.0008052733903160122	0.00023007811151886065	0.0020707030036697456	0.00023007811151886065	0.0010353515018348728	0.0011503905575943032	0.0036812497843017704	0.001725585836391455	0.004486523174617783	0.0004601562230377213	0.0009203124460754426	0.0011503905575943032	0.003911327895820631	0.0014955128861443032	0.0007693269350976565
	1	2	3	4	5	6	7	8	9	12	17	22	27	32	37	42	47	52	57	62	67	72	77	82	87	92	97	102	107	112	117	122	127	132	137	142	147	152	157	162	167	172	177	182	187	192	197	202	207	212	217	222
HB3_2	0.0	0.0023007811151886065	0.0057519527879715164	0.0011503905575943032	0.0023007811151886065	0.0011503905575943032	0.0005751952787971516	0.004026366951580061	0.0	0.0008052733903160122	0.000345117167278291	0.0	0.0004601562230377213	0.0	0.0005751952787971516	0.000345117167278291	0.00011503905575943032	0.0005751952787971516	0.000345117167278291	0.0005751952787971516	0.00011503905575943032	0.000345117167278291	0.00011503905575943032	0.000345117167278291	0.00023007811151886065	0.000345117167278291	0.000345117167278291	0.0011503905575943032	0.0018406248921508852	0.0008052733903160122	0.00011503905575943032	0.000345117167278291	0.0005751952787971516	0.000345117167278291	0.0005751952787971516	0.0	0.0028759763939857582	0.0018406248921508852	0.0	0.0021857420594291765	0.0	0.0004601562230377213	0.0004601562230377213	0.003796288840061201	0.0019556639479103156	0.004026366951580061	0.000345117167278291	0.000345117167278291	0.0012654296133537335	0.004256445063098922	0.0012654310690936867	0.001380888049104379
	1	2	3	4	5	6	7	8	9	12	17	22	27	32	37	42	47	52	57	62	67	72	77	82	87	92	97	102	107	112	117	122	127	132	137	142	147	152	157	162	167	172	177	182	187	192	197	202	207	212	217	222	226
HB4_1	0.0	0.0	0.0	0.0	0.003906664211049162	0.006697138647512851	0.0033485693237564253	0.003906664211049162	0.001116189774585475	0.0021207605717124024	0.00044647590983419003	0.0	0.00033485693237564253	0.00011161897745854751	0.00011161897745854751	0.0	0.00022323795491709501	0.00011161897745854751	0.00044647590983419003	0.00011161897745854751	0.0	0.00011161897745854751	0.00011161897745854751	0.00011161897745854751	0.0	0.0	0.0005580948872927375	0.00044647590983419003	0.0005580948872927375	0.0012278087520440225	0.0	0.00011161897745854751	0.0	0.00033485693237564253	0.0	0.00044647590983419003	0.0018975226167953075	0.0016742846618782127	0.0006697138647512851	0.00022323795491709501	0.002009141594253855	0.00011161897745854751	0.00044647590983419003	0.0005580948872927375	0.002902093413922235	0.0012278087520440225	0.0036834262561320674	0.00022323795491709501	0.0012278087520440225	0.00033485693237564253	0.0027904744364636875	0.0005580948872927375	0.00018625823959887426
	1	2	3	4	5	6	7	8	9	12	17	22	27	32	37	42	47	52	57	62	67	72	77	82	87	92	97	102	107	112	117	122	127	132	137	142	147	152	157	162	167	172	177	182	187	192	197	202	207	212	217	222
HB4_2	0.0	0.005022853985634637	0.010045707971269274	0.0033485693237564253	0.005022853985634637	0.00223237954917095	0.0016742846618782127	0.008371423309391062	0.0	0.0006697138647512851	0.0006697138647512851	0.00022323795491709501	0.00033485693237564253	0.00011161897745854751	0.0	0.0	0.00033485693237564253	0.0005580948872927375	0.00022323795491709501	0.00022323795491709501	0.0	0.00022323795491709501	0.00011161897745854751	0.0	0.0	0.0	0.0006697138647512851	0.0006697138647512851	0.0008929518196683801	0.0008929518196683801	0.0	0.0	0.0005580948872927375	0.00044647590983419003	0.00044647590983419003	0.00022323795491709501	0.00312533136883933	0.0010045707971269276	0.00044647590983419003	0.002009141594253855	0.0	0.0006697138647512851	0.0	0.0025672364815465926	0.0018975226167953075	0.0032369503462978772	0.00022323795491709501	0.00011161897745854751	0.0016742846618782127	0.0046879970532589955	0.00033485693237564253	0.0008932539230595734
	1	2	3	4	5	6	7	8	9	12	17	22	27	32	37	42	47	52	57	62	67	72	77	82	87	92	97	102	107	112	117	122	127	132	137	142	147	152	157	162	167	172	177	182	187	192	197	202	207	212	217	222	226
HB5_1	0.0	0.0005993479094744918	0.0	0.0	0.002996739547372459	0.007791522823168393	0.0017980437284234752	0.002996739547372459	0.0005993479094744918	0.002037782892213272	0.0009589566551591867	0.00023973916378979668	0.0005993479094744918	0.00023973916378979668	0.00011986958189489834	0.0005993479094744918	0.00011986958189489834	0.00023973916378979668	0.00047947832757959337	0.0009589566551591867	0.000359608745684695	0.00047947832757959337	0.00011986958189489834	0.00023973916378979668	0.00023973916378979668	0.00071921749136939	0.001078826237054085	0.0013185654008438818	0.0013185654008438818	0.004555044112006137	0.00011986958189489834	0.00011986958189489834	0.000359608745684695	0.0009589566551591867	0.0009589566551591867	0.001678174146528577	0.0025172612197928656	0.004075565784426544	0.001678174146528577	0.00047947832757959337	0.002996739547372459	0.00071921749136939	0.001678174146528577	0.00215765247410817	0.00287686996547756	0.0031166091292673566	0.0032364787111622555	0.001678174146528577	0.002757000383582662	0.0005993479094744918	0.006113348676639816	0.002757006993208173	0.000800371372316755
	1	2	3	4	5	6	7	8	9	12	17	22	27	32	37	42	47	52	57	62	67	72	77	82	87	92	97	102	107	112	117	122	127	132	137	142	147	152	157	162	167	172	177	182	187	192	197	202	207	212	217	222
HB5_2	0.0	0.0065928270042194086	0.011387610280015344	0.005394131185270426	0.0065928270042194086	0.002996739547372459	0.0017980437284234752	0.010788262370540851	0.0	0.001078826237054085	0.000359608745684695	0.00011986958189489834	0.00011986958189489834	0.0	0.000359608745684695	0.000359608745684695	0.0009589566551591867	0.0015583045646336783	0.000359608745684695	0.00047947832757959337	0.00023973916378979668	0.00023973916378979668	0.00047947832757959337	0.00047947832757959337	0.000359608745684695	0.00071921749136939	0.0013185654008438818	0.00143843498273878	0.0008390870732642885	0.0011986958189489836	0.00011986958189489834	0.000359608745684695	0.0005993479094744918	0.00071921749136939	0.0005993479094744918	0.0005993479094744918	0.003715957038741849	0.001078826237054085	0.0005993479094744918	0.0032364787111622555	0.00011986958189489834	0.0009589566551591867	0.0005993479094744918	0.0035960874568469504	0.003356348293057154	0.005514000767165324	0.000359608745684695	0.00071921749136939	0.0015583045646336783	0.004794783275795934	0.0008390870732642885	0.002278330439453968
	1	2	3	4	5	6	7	8	9	12	17	22	27	32	37	42	47	52	57	62	67	72	77	82	87	92	97	102	107	112	117	122	127	132	137	142	147	152	157	162	167	172	177	182	187	192	197	202	207	212	217	222	226
N1_1	0.0	0.0	0.0	0.0	0.004439536290434464	0.006104362399347388	0.0038845942541301565	0.004439536290434464	0.001109884072608616	0.001664826108912924	0.0004439536290434464	0.0	0.0004439536290434464	0.0001109884072608616	0.0	0.0002219768145217232	0.0001109884072608616	0.0001109884072608616	0.0003329652217825848	0.0008879072580868928	0.0004439536290434464	0.0004439536290434464	0.0001109884072608616	0.0	0.0	0.000554942036304308	0.000554942036304308	0.0004439536290434464	0.0009988956653477544	0.0017758145161737857	0.0	0.0	0.0001109884072608616	0.0002219768145217232	0.0002219768145217232	0.000554942036304308	0.001664826108912924	0.0025527333669998166	0.001109884072608616	0.0004439536290434464	0.0017758145161737857	0.0003329652217825848	0.0007769188508260313	0.0009988956653477544	0.002219768145217232	0.0021087797379563704	0.0028856985887824016	0.0007769188508260313	0.0007769188508260313	0.0002219768145217232	0.0032186638105649863	0.0013318608871303393	0.0
	1	2	3	4	5	6	7	8	9	12	17	22	27	32	37	42	47	52	57	62	67	72	77	82	87	92	97	102	107	112	117	122	127	132	137	142	147	152	157	162	167	172	177	182	187	192	197	202	207	212	217	222
N1_2	0.0	0.001664826108912924	0.006104362399347388	0.001664826108912924	0.001109884072608616	0.000554942036304308	0.001109884072608616	0.004994478326738772	0.0	0.0002219768145217232	0.000554942036304308	0.0	0.0001109884072608616	0.0	0.0002219768145217232	0.0	0.0004439536290434464	0.0006659304435651696	0.0	0.0	0.0	0.0001109884072608616	0.0001109884072608616	0.0	0.0	0.0	0.0001109884072608616	0.0006659304435651696	0.000554942036304308	0.0006659304435651696	0.0	0.0001109884072608616	0.0004439536290434464	0.0001109884072608616	0.0001109884072608616	0.0001109884072608616	0.002330756552478094	0.0003329652217825848	0.0001109884072608616	0.0014428492943912008	0.0001109884072608616	0.0007769188508260313	0.0001109884072608616	0.0026637217742606785	0.0006659304435651696	0.003329652217825848	0.0001109884072608616	0.0002219768145217232	0.0015538377016520626	0.0038845942541301565	0.0004439536290434464	0.0014433491028475057
	1	2	3	4	5	6	7	8	9	12	17	22	27	32	37	42	47	52	57	62	67	72	77	82	87	92	97	102	107	112	117	122	127	132	137	142	147	152	157	162	167	172	177	182	187	192	197	202	207	212	217	222	226
N2_1	0.0	0.0	0.0	0.0	0.0033466642124462443	0.007251105793633529	0.0027888868437052038	0.0027888868437052038	0.0016733321062231221	0.0016733321062231221	0.00044622189499283257	0.00011155547374820814	0.00044622189499283257	0.0	0.0	0.00022311094749641628	0.0	0.00022311094749641628	0.0006693328424892489	0.00011155547374820814	0.00022311094749641628	0.00044622189499283257	0.0	0.0	0.0	0.0005577773687410407	0.0008924437899856651	0.00044622189499283257	0.0010039992637338733	0.0012271102112302896	0.0	0.0	0.0	0.00044622189499283257	0.00044622189499283257	0.00044622189499283257	0.0013386656849784977	0.0014502211587267058	0.0006693328424892489	0.00022311094749641628	0.0010039992637338733	0.00022311094749641628	0.0005577773687410407	0.0006693328424892489	0.002565775896208787	0.0014502211587267058	0.0026773313699569954	0.00044622189499283257	0.0008924437899856651	0.0	0.0030120045113134234	0.0011156082519311178	0.0
	1	2	3	4	5	6	7	8	9	12	17	22	27	32	37	42	47	52	57	62	67	72	77	82	87	92	97	102	107	112	117	122	127	132	137	142	147	152	157	162	167	172	177	182	187	192	197	202	207	212	217	222
N2_2	0.0	0.0033466642124462443	0.007251105793633529	0.0027888868437052038	0.0033466642124462443	0.0005577773687410407	0.0016733321062231221	0.004462218949928326	0.0	0.0003346664212446244	0.0003346664212446244	0.00022311094749641628	0.0	0.00022311094749641628	0.0003346664212446244	0.0	0.0	0.00044622189499283257	0.0	0.0	0.0	0.0	0.00022311094749641628	0.00022311094749641628	0.0	0.00022311094749641628	0.00022311094749641628	0.00022311094749641628	0.0006693328424892489	0.000780888316237457	0.0	0.0	0.0003346664212446244	0.0	0.00022311094749641628	0.0	0.002119554001215955	0.0005577773687410407	0.00022311094749641628	0.0014502211587267058	0.0	0.0005577773687410407	0.00011155547374820814	0.0027888868437052038	0.0013386656849784977	0.0027888868437052038	0.0	0.0	0.0013386656849784977	0.0039044415811872847	0.00011155646932699097	0.00044637476732715253
	1	2	3	4	5	6	7	8	9	12	17	22	27	32	37	42	47	52	57	62	67	72	77	82	87	92	97	102	107	112	117	122	127	132	137	142	147	152	157	162	167	172	177	182	187	192	197	202	207	212	217	222	226
N3_1	0.0	0.0	0.0	0.0	0.0	0.006488450558006747	0.0	0.0	0.0	0.0011895492689679038	0.0001081408426334458	0.0	0.0001081408426334458	0.0	0.0001081408426334458	0.0001081408426334458	0.0001081408426334458	0.0	0.0002162816852668916	0.0	0.0	0.0	0.0	0.0001081408426334458	0.0001081408426334458	0.0	0.0001081408426334458	0.00032442252790033737	0.0001081408426334458	0.0006488450558006747	0.0	0.0	0.0001081408426334458	0.0	0.0001081408426334458	0.00032442252790033737	0.0012976901116013495	0.00032442252790033737	0.00032442252790033737	0.0	0.0006488450558006747	0.0	0.0004325633705337832	0.0001081408426334458	0.0017302534821351328	0.0004325633705337832	0.002162816852668916	0.0001081408426334458	0.0014058309542347954	0.0004325633705337832	0.003784929492170603	0.00032442252790033737	0.000722205471067546
	1	2	3	4	5	6	7	8	9	12	17	22	27	32	37	42	47	52	57	62	67	72	77	82	87	92	97	102	107	112	117	122	127	132	137	142	147	152	157	162	167	172	177	182	187	192	197	202	207	212	217	222
N3_2	0.0	0.002162816852668916	0.007569858984341206	0.001081408426334458	0.002162816852668916	0.001081408426334458	0.0	0.00540704213167229	0.0	0.00032442252790033737	0.0001081408426334458	0.0	0.0001081408426334458	0.0	0.0	0.0002162816852668916	0.0001081408426334458	0.000540704213167229	0.0	0.0001081408426334458	0.0001081408426334458	0.0001081408426334458	0.0	0.0001081408426334458	0.0001081408426334458	0.00032442252790033737	0.00032442252790033737	0.0007569858984341206	0.001081408426334458	0.0004325633705337832	0.0	0.0	0.00032442252790033737	0.0002162816852668916	0.0006488450558006747	0.0001081408426334458	0.0019465351674020244	0.0011895492689679038	0.0002162816852668916	0.0014058309542347954	0.0	0.0004325633705337832	0.000540704213167229	0.002703521065836145	0.0023790985379358075	0.003784929492170603	0.00032442252790033737	0.0001081408426334458	0.000540704213167229	0.0023790985379358075	0.000540704213167229	0.0005408972403422798
	1	2	3	4	5	6	7	8	9	12	17	22	27	32	37	42	47	52	57	62	67	72	77	82	87	92	97	102	107	112	117	122	127	132	137	142	147	152	157	162	167	172	177	182	187	192	197	202	207	212	217	222	226
N4_1	0.0	0.0006217513492004278	0.0	0.0	0.0018652540476012832	0.0062175134920042785	0.0018652540476012832	0.0018652540476012832	0.0012435026984008557	0.0013678529682409411	0.00037305080952025664	0.00012435026984008554	0.0002487005396801711	0.00012435026984008554	0.0002487005396801711	0.0004974010793603422	0.0006217513492004278	0.0002487005396801711	0.0009948021587206843	0.0	0.00012435026984008554	0.0	0.0002487005396801711	0.00012435026984008554	0.0002487005396801711	0.0	0.0006217513492004278	0.0007461016190405133	0.00037305080952025664	0.0009948021587206843	0.0002487005396801711	0.0	0.0002487005396801711	0.0004974010793603422	0.0006217513492004278	0.0008704518888805989	0.0012435026984008557	0.0014922032380810266	0.0007461016190405133	0.0	0.0018652540476012832	0.00012435026984008554	0.00111915242856077	0.0006217513492004278	0.0034818075555223954	0.0009948021587206843	0.004103558904722823	0.00037305080952025664	0.0012435026984008557	0.0009948021587206843	0.0037305080952025663	0.000994835559899671	0.000830080455548154
	1	2	3	4	5	6	7	8	9	12	17	22	27	32	37	42	47	52	57	62	67	72	77	82	87	92	97	102	107	112	117	122	127	132	137	142	147	152	157	162	167	172	177	182	187	192	197	202	207	212	217	222
N4_2	0.0	0.0024870053968017113	0.006839264841204706	0.0006217513492004278	0.0031087567460021392	0.0006217513492004278	0.0018652540476012832	0.005595762142803849	0.0	0.0007461016190405133	0.0007461016190405133	0.00037305080952025664	0.0002487005396801711	0.0	0.00012435026984008554	0.00037305080952025664	0.0002487005396801711	0.00037305080952025664	0.0002487005396801711	0.0004974010793603422	0.0002487005396801711	0.00037305080952025664	0.0	0.00012435026984008554	0.0004974010793603422	0.0007461016190405133	0.0006217513492004278	0.0008704518888805989	0.0016165535079211122	0.0007461016190405133	0.0	0.0	0.0002487005396801711	0.0004974010793603422	0.0008704518888805989	0.0002487005396801711	0.0026113556666417966	0.0013678529682409411	0.00012435026984008554	0.0019896043174413686	0.0	0.0009948021587206843	0.0002487005396801711	0.0027357059364818822	0.0016165535079211122	0.003979208634882737	0.00037305080952025664	0.00012435026984008554	0.0007461016190405133	0.003979208634882737	0.0009948021587206843	0.0006219764171421677
	1	2	3	4	5	6	7	8	9	12	17	22	27	32	37	42	47	52	57	62	67	72	77	82	87	92	97	102	107	112	117	122	127	132	137	142	147	152	157	162	167	172	177	182	187	192	197	202	207	212	217	222	226
N5_1	0.0	0.0	0.0	0.0	0.0024190524571525334	0.006047631142881334	0.0024190524571525334	0.0024190524571525334	0.0012095262285762667	0.0019352419657220267	0.00012095262285762667	0.00012095262285762667	0.00036285786857288003	0.0	0.0004838104914305067	0.0006047631142881333	0.0009676209828610134	0.00012095262285762667	0.0014514314742915201	0.00024190524571525334	0.00024190524571525334	0.0004838104914305067	0.00036285786857288003	0.0004838104914305067	0.00024190524571525334	0.0004838104914305067	0.0007257157371457601	0.0012095262285762667	0.0004838104914305067	0.0008466683600033868	0.0008466683600033868	0.0004838104914305067	0.0012095262285762667	0.0007257157371457601	0.0012095262285762667	0.00108857360571864	0.00217714721143728	0.0013304788514338934	0.0009676209828610134	0.00012095262285762667	0.002781910325725413	0.00012095262285762667	0.0014514314742915201	0.0014514314742915201	0.0041123891771593065	0.0016933367200067735	0.00399143655430168	0.0004838104914305067	0.0018142893428644	0.0013304788514338934	0.0036285874634722193	0.00205622443326826	0.0016146154995014873
	1	2	3	4	5	6	7	8	9	12	17	22	27	32	37	42	47	52	57	62	67	72	77	82	87	92	97	102	107	112	117	122	127	132	137	142	147	152	157	162	167	172	177	182	187	192	197	202	207	212	217	222
N5_2	0.0	0.0012095262285762667	0.009676209828610133	0.0	0.0012095262285762667	0.0	0.0012095262285762667	0.004838104914305067	0.0	0.0009676209828610134	0.0012095262285762667	0.00012095262285762667	0.0006047631142881333	0.00024190524571525334	0.00024190524571525334	0.0004838104914305067	0.00024190524571525334	0.0008466683600033868	0.0009676209828610134	0.0009676209828610134	0.0004838104914305067	0.0006047631142881333	0.00024190524571525334	0.00024190524571525334	0.0006047631142881333	0.0009676209828610134	0.0009676209828610134	0.0012095262285762667	0.0019352419657220267	0.0012095262285762667	0.00036285786857288003	0.00012095262285762667	0.0009676209828610134	0.0004838104914305067	0.0012095262285762667	0.0004838104914305067	0.003386673440013547	0.0014514314742915201	0.00012095262285762667	0.0018142893428644	0.0	0.0013304788514338934	0.00108857360571864	0.003023815571440667	0.0020561945885796532	0.003386673440013547	0.0009676209828610134	0.00024190524571525334	0.0019352419657220267	0.004475247045732187	0.0016933367200067735	0.00120990964394779

