	225	226	227
HB1_1	16.0	1656.0	163810.0
	222	223	224
HB1_2	2.0	304.0	165176.0
	225	226	227
HB2_1	2.0	597.0	158989.0
	223	224
HB2_2	281.0	159307.0
	222	223	224	225	226	227
HB3_1	1.0	1.0	0.0	14.0	1593.0	172245.0
	218	219	220	221	222	223	224
HB3_2	1.0	0.0	0.0	0.0	0.0	259.0	173594.0
	224	225	226	227
HB4_1	54.0	4.0	484.0	178639.0
	223	224
HB4_2	303.0	178878.0
	222	223	224	225	226	227
HB5_1	1.0	0.0	0.0	10.0	753.0	166084.0
	222	223	224
HB5_2	1.0	294.0	166553.0
	224	225	226	227
N1_1	1.0	9.0	815.0	179374.0
	222	223	224
N1_2	1.0	310.0	179888.0
	218	219	220	221	222	223	224	225	226	227
N2_1	2.0	0.0	0.0	0.0	16.0	1.0	0.0	2.0	585.0	178677.0
	215	216	217	218	219	220	221	222	223	224
N2_2	2.0	0.0	0.0	0.0	0.0	0.0	1.0	8.0	278.0	178994.0
	225	226	227
N3_1	12.0	949.0	183983.0
	223	224
N3_2	330.0	184614.0
	222	223	224	225	226	227
N4_1	13.0	1.0	0.0	8.0	569.0	160245.0
	222	223	224
N4_2	1.0	289.0	160546.0
	218	219	220	221	222	223	224	225	226	227
N5_1	2.0	0.0	0.0	0.0	1.0	0.0	1.0	4.0	568.0	164778.0
	222	223	224
N5_2	2.0	258.0	165094.0

