	1	2	3	4	5	6	7	8	9	12	17	22	27	32	37	42	47	52	57	62	67	72	77	82	87	92	97	102	107	112	117	122	127	132	137	142	147	152	157	162	167	172	177	182	187	192	197	202	207	212	215
HB1_1 - polyg	0.0	0.0	0.0	0.0	0.0	0.0	0.0	0.0	0.0	0.0	0.0	0.0	0.0	0.0	0.0004834362649714168	0.000604295331214271	0.0007251543974571251	0.001208590662428542	0.0013294497286713961	0.0031423357223142093	0.004230067318499897	0.004350926384742751	0.004834362649714168	0.006284671444628419	0.013294497286713964	0.01546996047908534	0.01728284647272815	0.017645423671456714	0.019700027797585236	0.021271195658742338	0.022600645387413736	0.023567517917356572	0.024776108579785114	0.026226417374699364	0.026588994573427928	0.026951571772156492	0.03190679348811352	0.03613686080661341	0.043509263847427516	0.04737675396719884	0.0532988482130987	0.06502217763865556	0.08133815158144088	0.09378663540445487	0.10502652856504031	0.12158422064031134	0.1295609190123397	0.141767684702868	0.1549413229233391	0.17246588752855296	0.18159074702988845
	1	2	3	4	5	6	7	8	9	12	17	22	27	32	37	42	47	52	57	62	67	72	77	82	87	92	97	102	107	112	117	122	127	132	137	142	147	152	157	162	167	172	177	182	187	192	197	202	207	211
HB1_2 - polyg	0.0	0.0	0.0	0.0	0.0	0.0	0.0	0.0	0.0	0.0	0.0	0.0	0.0	0.0	0.0	0.0	0.0	0.0	0.0	0.0	0.0	0.0	0.0	0.0	0.0	0.0002417181324857084	0.0016920269273999588	0.0019337450598856671	0.002417181324857084	0.0031423357223142093	0.0038674901197713342	0.004350926384742751	0.00604295331214271	0.007009825842085543	0.008822711835728355	0.010877315961856879	0.014140510750413943	0.01740370553897101	0.02066690032752807	0.025259544844756527	0.032873666018056344	0.04205895505251327	0.044717854509856055	0.048343626497141676	0.061396405651369945	0.07009825842085544	0.07952526558779807	0.08834797742352643	0.10393879696885462	0.11330537460267583
	1	2	3	4	5	6	7	8	9	12	17	22	27	32	37	42	47	52	57	62	67	72	77	82	87	92	97	102	107	112	117	122	127	132	137	142	147	152	157	162	167	172	177	182	187	192	197	202	207	212	215
HB2_1 - polyg	0.0	0.0	0.0	0.0	0.0	0.0	0.0	0.0	0.0	0.0	0.0	0.0	0.0	0.0	0.0	0.000501290823871469	0.0012532270596786726	0.001503872471614407	0.002506454119357345	0.0037596811790360173	0.004386294708875354	0.00501290823871469	0.00501290823871469	0.006140812592425495	0.0137854976564654	0.017169210717597812	0.022808732486151846	0.02381131413389478	0.02506454119357345	0.02694438178309146	0.02694438178309146	0.027946963430834398	0.02894954507857734	0.033335839787452685	0.03458906684713136	0.03546632578890643	0.03747148908439231	0.04323633355891421	0.04749730556182169	0.050630373211018376	0.057397799333283206	0.06805022934055191	0.08446750382234254	0.10013284206832593	0.10915607689801239	0.12695190114544955	0.14111336691981852	0.150136601749505	0.1788355014161466	0.20653181943504523	0.21461513396997267
	1	2	3	4	5	6	7	8	9	12	17	22	27	32	37	42	47	52	57	62	67	72	77	82	87	92	97	102	107	112	117	122	127	132	137	142	147	152	157	162	167	172	177	182	187	192	197	202	207	211
HB2_2 - polyg	0.0	0.0	0.0	0.0	0.0	0.0	0.0	0.0	0.0	0.0	0.0	0.0	0.0	0.0	0.0	0.0	0.0	0.0	0.0	0.0	0.0	0.0	0.000501290823871469	0.0011279043537108053	0.0018798405895180087	0.002506454119357345	0.00275709953129308	0.0037596811790360173	0.004135649296939619	0.004511617414843221	0.00501290823871469	0.00551419906258616	0.006140812592425496	0.006642103416296964	0.00914855753565431	0.011404366243075921	0.015790660951951273	0.02005163295485876	0.024688573075669854	0.03145599919793468	0.03935132967391032	0.049126500739403965	0.05363811815424718	0.058525703686994016	0.06729829310474471	0.0758202371105597	0.08484347194024613	0.09950622853848659	0.11993382961124896	0.12861242699952377
	1	2	3	4	5	6	7	8	9	12	17	22	27	32	37	42	47	52	57	62	67	72	77	82	87	92	97	102	107	112	117	122	127	132	137	142	147	152	157	162	167	172	177	182	187	192	197	202	207	212	215
HB3_1 - polyg	0.0	0.0	0.0	0.0	0.0	0.0	0.0	0.0	0.0	0.0	0.0	0.0	0.0	0.0	0.0	0.0	0.0005751952787971516	0.0008052733903160123	0.0012654296133537337	0.0019556639479103156	0.0023007811151886065	0.0025308592267074674	0.00345117167278291	0.004716601286136643	0.009433202572273286	0.011618944631702464	0.013459569523853349	0.014149803858409929	0.01656562402935797	0.016680663085117398	0.01737089741967398	0.018751366088787143	0.019556639479103157	0.021282225315494608	0.02381308454220208	0.025883787545871822	0.02818456866106043	0.03163574033384334	0.03313124805871594	0.03508691200662625	0.0406087866830789	0.04866152058623903	0.07005878495749307	0.08719960426564818	0.0967478458936809	0.11342850897879828	0.12447225833170361	0.13735663257675984	0.1588689360037733	0.18153162998838107	0.18981444200306002
	1	2	3	4	5	6	7	8	9	12	17	22	27	32	37	42	47	52	57	62	67	72	77	82	87	92	97	102	107	112	117	122	127	132	137	142	147	152	157	162	167	172	177	182	187	192	197	202	207	211
HB3_2 - polyg	0.0	0.0	0.0	0.0	0.0	0.0	0.0	0.0	0.0	0.0	0.0	0.0005751952787971516	0.0005751952787971516	0.0005751952787971516	0.0005751952787971516	0.0005751952787971516	0.0005751952787971516	0.0005751952787971516	0.0005751952787971516	0.000690234334556582	0.0011503905575943032	0.0016105467806320245	0.002185742059429176	0.0028759763939857582	0.003221093561264049	0.003796288840061201	0.004486523174617783	0.006327148066768669	0.007477538624362972	0.008858007293476137	0.009548241628032719	0.01035351501834873	0.012539257077777904	0.013804686691131638	0.016335545917839107	0.01760097553119284	0.018866405144546572	0.021052147203975753	0.02381308454220208	0.02887480299561701	0.03704257595453657	0.047511130028644724	0.051422457924465356	0.054873629597248265	0.06683769139622901	0.07799647980489376	0.08846503387900193	0.10330507207196844	0.12343690682986874	0.13100072474605126
	1	2	3	4	5	6	7	8	9	12	17	22	27	32	37	42	47	52	57	62	67	72	77	82	87	92	97	102	107	112	117	122	127	132	137	142	147	152	157	162	167	172	177	182	187	192	197	202	207	212	215
HB4_1 - polyg	0.0	0.0	0.0	0.0	0.0	0.0	0.0	0.0	0.0	0.0	0.0	0.0	0.0	0.0	0.00044647590983419003	0.0008929518196683801	0.0012278087520440225	0.0018975226167953073	0.00267885545900514	0.00312533136883933	0.003906664211049162	0.003906664211049162	0.003906664211049162	0.005022853985634638	0.010827040813479108	0.012278087520440226	0.014175610137235534	0.014733705024528271	0.016296370708947936	0.01741256048353341	0.01841713128066034	0.01931008310032872	0.019533321055245814	0.021430843672041122	0.02187731958187531	0.023105128333919332	0.026342078680217214	0.0291325531166809	0.03348569323756424	0.03850854722319889	0.04319654427645789	0.05190282451822459	0.06362281715137208	0.07534280978451956	0.09074622867379911	0.11016793075158637	0.11965554383556291	0.1328265831756715	0.1525831421858344	0.17100027346649477	0.1757998894972123
	1	2	3	4	5	6	7	8	9	12	17	22	27	32	37	42	47	52	57	62	67	72	77	82	87	92	97	102	107	112	117	122	127	132	137	142	147	152	157	162	167	172	177	182	187	192	197	202	207	211
HB4_2 - polyg	0.0005580948872927375	0.0005580948872927375	0.0005580948872927375	0.0005580948872927375	0.0005580948872927375	0.0005580948872927375	0.0005580948872927375	0.0005580948872927375	0.0005580948872927375	0.0005580948872927375	0.0005580948872927375	0.0005580948872927375	0.0005580948872927375	0.0005580948872927375	0.0005580948872927375	0.0005580948872927375	0.0005580948872927375	0.0005580948872927375	0.0005580948872927375	0.001116189774585475	0.001116189774585475	0.0018975226167953075	0.0027904744364636875	0.002902093413922235	0.003348569323756425	0.0034601883012149726	0.004576378075800447	0.0053577109180102805	0.006027424782761566	0.0065855196700543035	0.00669713864751285	0.00669713864751285	0.007031995579888492	0.007701709444639777	0.009599232061435085	0.013729134227401343	0.019198464122870167	0.02288189037900224	0.025337507883090284	0.03493673994452537	0.04297330632154079	0.05647920259402504	0.06295310328662079	0.06808757624971398	0.08181671047711532	0.09041137174142347	0.09621555856926794	0.1071542183602056	0.12479001679865612	0.13268705945384834
	1	2	3	4	5	6	7	8	9	12	17	22	27	32	37	42	47	52	57	62	67	72	77	82	87	92	97	102	107	112	117	122	127	132	137	142	147	152	157	162	167	172	177	182	187	192	197	202	207	212	215
HB5_1 - polyg	0.0	0.0005993479094744918	0.0005993479094744918	0.0005993479094744918	0.0005993479094744918	0.0005993479094744918	0.0005993479094744918	0.0005993479094744918	0.0005993479094744918	0.0005993479094744918	0.0005993479094744918	0.0005993479094744918	0.0005993479094744918	0.0005993479094744918	0.0005993479094744918	0.0005993479094744918	0.0011986958189489836	0.0011986958189489836	0.0014384349827387803	0.002397391637897967	0.003715957038741849	0.00431530494821634	0.004914652857690832	0.006712696586114307	0.013665132336018413	0.01618239355581128	0.017860567702339854	0.017980437284234752	0.01810030686612965	0.018579785193709245	0.019299002685078635	0.020617568085922515	0.021216915995397007	0.021816263904871496	0.023014959723820484	0.024213655542769465	0.026970655926352127	0.03104622171077867	0.034882048331415415	0.03775891829689298	0.043632527809743	0.05394131185270425	0.0721614883007288	0.08774453394706559	0.09649501342539316	0.11016014576141157	0.11962984273110855	0.13437380130418106	0.16062523973916382	0.18519850402761795	0.19239067894131184
	1	2	3	4	5	6	7	8	9	12	17	22	27	32	37	42	47	52	57	62	67	72	77	82	87	92	97	102	107	112	117	122	127	132	137	142	147	152	157	162	167	172	177	182	187	192	197	202	207	211
HB5_2 - polyg	0.0	0.0	0.0	0.0	0.0	0.0	0.0	0.0	0.0	0.0	0.0	0.0	0.0	0.0	0.0	0.0	0.0004794783275795934	0.0005993479094744918	0.0010788262370540853	0.0011986958189489836	0.0011986958189489836	0.0011986958189489836	0.0013185654008438818	0.0017980437284234752	0.0021576524741081706	0.0029967395473724586	0.003955696202531646	0.004555044112006137	0.005394131185270426	0.005394131185270426	0.005993479094744917	0.006233218258534714	0.006592827004219409	0.006832566168009206	0.007671653241273495	0.010548523206751054	0.012945914844649024	0.014743958573072497	0.019059263521288835	0.026611047180667435	0.03715957038741849	0.04591004986574606	0.04806770233985423	0.05406118143459916	0.06688722669735328	0.07659666283084006	0.08414844649021865	0.0946969696969697	0.11279727656309935	0.12226697353279631
	1	2	3	4	5	6	7	8	9	12	17	22	27	32	37	42	47	52	57	62	67	72	77	82	87	92	97	102	107	112	117	122	127	132	137	142	147	152	157	162	167	172	177	182	187	192	197	202	207	212	215
N1_1 - polyg	0.0	0.0	0.0	0.0	0.0	0.0	0.0	0.0	0.0	0.0	0.0	0.0	0.00044395362904344637	0.000554942036304308	0.000554942036304308	0.000554942036304308	0.000554942036304308	0.0007769188508260311	0.0014428492943912008	0.002996686996043263	0.003773605846869295	0.003884594254130156	0.003884594254130156	0.0049944783267387724	0.007325234879216866	0.008435118951825481	0.00976697983895582	0.010765875504303576	0.01254169002047736	0.013318608871303391	0.013873550907607701	0.013873550907607701	0.014317504536651145	0.014872446572955455	0.016870237903650963	0.018646052419824748	0.02364053074656352	0.03140971925482384	0.03862396572677984	0.045505246976953254	0.05105466733999634	0.06415129939677802	0.08568305040538517	0.10066648538560148	0.1187575957691219	0.14051132359225077	0.16026726008468414	0.18024517339163926	0.20710436794876777	0.23651629587289608	0.25804804688150323
	1	2	3	4	5	6	7	8	9	12	17	22	27	32	37	42	47	52	57	62	67	72	77	82	87	92	97	102	107	112	117	122	127	132	137	142	147	152	157	162	167	172	177	182	187	192	197	202	207	211
N1_2 - polyg	0.0	0.0	0.0	0.0	0.0	0.0	0.0	0.0	0.0	0.0	0.0	0.0	0.0	0.0	0.0	0.0	0.0	0.0	0.00011098840726086159	0.000554942036304308	0.000554942036304308	0.0015538377016520624	0.002330756552478094	0.00277471018152154	0.00277471018152154	0.00277471018152154	0.00277471018152154	0.0032186638105649867	0.003551629032347571	0.004439536290434464	0.004439536290434464	0.0049944783267387724	0.00554942036304308	0.0074362232864777274	0.008879072580868928	0.010432910282520991	0.012985643649520809	0.016870237903650963	0.021309774194085425	0.028745997480563158	0.03906791935582328	0.051831586190822364	0.05815792540469148	0.06537217187664748	0.07303037197764692	0.07902374596973347	0.08879072580868927	0.10177636945821009	0.11620486240212209	0.12278092553232814
	1	2	3	4	5	6	7	8	9	12	17	22	27	32	37	42	47	52	57	62	67	72	77	82	87	92	97	102	107	112	117	122	127	132	137	142	147	152	157	162	167	172	177	182	187	192	197	202	207	212	215
N2_1 - polyg	0.0	0.0	0.0	0.0	0.0	0.0	0.0	0.0	0.0	0.0	0.0	0.0	0.0	0.0	0.0	0.0	0.0	0.0008924437899856651	0.0014502211587267058	0.0027888868437052033	0.0027888868437052033	0.0027888868437052033	0.0029004423174534113	0.0041275525286837015	0.008701326952360236	0.01026310358483515	0.010597770006079773	0.012494213059799312	0.01606398821974197	0.017848875799713303	0.0191875414846918	0.01996842980092926	0.020637762643418506	0.02175331738090059	0.024765315172102207	0.026773313699569957	0.029339089595778738	0.035139974230685565	0.041387080760585226	0.04573774423676533	0.05098085150293112	0.060909288666521656	0.08333193888991149	0.10296570226959612	0.12360346491301462	0.14357189471394388	0.1605283267236715	0.18384342073704701	0.205262071696703	0.24419493203482762	0.27080091252377525
	1	2	3	4	5	6	7	8	9	12	17	22	27	32	37	42	47	52	57	62	67	72	77	82	87	92	97	102	107	112	117	122	127	132	137	142	147	152	157	162	167	172	177	182	187	192	197	202	207	211
N2_2 - polyg	0.0	0.0	0.0	0.0	0.0	0.0	0.0	0.0	0.0	0.0	0.0	0.0	0.0	0.0	0.0	0.0	0.0	0.0	0.0	0.0	0.0	0.0	0.0020079985274677466	0.002231109474964163	0.002231109474964163	0.002231109474964163	0.002231109474964163	0.002565775896208787	0.0033466642124462447	0.0033466642124462447	0.0033466642124462447	0.0037928861074390764	0.0052431072661657824	0.0058008846349068225	0.00847821600486382	0.011824880217310063	0.014613767061015265	0.02019154074842567	0.026327091804577117	0.0356977515994266	0.04272574644556372	0.04986529676544904	0.0535466273991399	0.05633551424284511	0.06470217477396072	0.071283947725105	0.0755230557275369	0.08467060457488998	0.1014039256371212	0.10988214164198502
	1	2	3	4	5	6	7	8	9	12	17	22	27	32	37	42	47	52	57	62	67	72	77	82	87	92	97	102	107	112	117	122	127	132	137	142	147	152	157	162	167	172	177	182	187	192	197	202	207	212	215
N3_1 - polyg	0.0	0.0	0.0	0.0	0.0	0.0	0.0	0.0	0.0	0.0001081408426334458	0.0006488450558006748	0.001081408426334458	0.001081408426334458	0.001081408426334458	0.001081408426334458	0.0011895492689679038	0.0017302534821351328	0.002162816852668916	0.0022709576953023622	0.002703521065836145	0.002703521065836145	0.002703521065836145	0.002703521065836145	0.00335236612163682	0.006921013928540531	0.008651267410675664	0.009083830781209449	0.009840816679643566	0.01059780257807769	0.011895492689679038	0.012976901116013495	0.013733887014447615	0.01492343628341552	0.01589670386711653	0.018492084090319234	0.022277013582489836	0.02822475992732935	0.03557833722640367	0.041201661043342844	0.045743576433947566	0.050826196037719526	0.06045073103209621	0.07915909680768232	0.09375811056319751	0.10543732156760965	0.12252357470369409	0.13755515182974304	0.15950774288433253	0.18524526343109265	0.212496755774721	0.22871788216973787
	1	2	3	4	5	6	7	8	9	12	17	22	27	32	37	42	47	52	57	62	67	72	77	82	87	92	97	102	107	112	117	122	127	132	137	142	147	152	157	162	167	172	177	182	187	192	197	202	207	211
N3_2 - polyg	0.0	0.0	0.0	0.0	0.0	0.0	0.0	0.0	0.0	0.0	0.0	0.0	0.0	0.0	0.0	0.0	0.0	0.0	0.0	0.000540704213167229	0.000540704213167229	0.000540704213167229	0.000540704213167229	0.000540704213167229	0.0007569858984341207	0.0015139717968682413	0.001838394324768579	0.002162816852668916	0.0031360844363699284	0.0032442252790033737	0.00335236612163682	0.003893070334804049	0.005623323816939182	0.0076779998269746515	0.009732675837010122	0.010705943420711133	0.012976901116013495	0.020114196729820916	0.023899126221991522	0.03038757677999827	0.035470196383770226	0.045094731378146895	0.05125875940825331	0.05677394238255905	0.06650661821956916	0.07450904057444416	0.08013236439138334	0.08683709663465697	0.09570464573059953	0.10381520892810797
	1	2	3	4	5	6	7	8	9	12	17	22	27	32	37	42	47	52	57	62	67	72	77	82	87	92	97	102	107	112	117	122	127	132	137	142	147	152	157	162	167	172	177	182	187	192	197	202	207	212	215
N4_1 - polyg	0.0	0.0	0.0	0.0	0.0	0.0	0.0	0.0	0.0	0.0	0.0	0.0	0.0	0.0	0.0	0.00012435026984008554	0.0006217513492004277	0.0008704518888805989	0.0012435026984008554	0.0016165535079211122	0.0023626551269616256	0.002487005396801711	0.0027357059364818822	0.003979208634882738	0.007709716730085305	0.009077569698326246	0.010196722126887015	0.012683727523688727	0.01566813399985078	0.016165535079211122	0.01628988534905121	0.01703598696809172	0.018155139396652493	0.019149941555373175	0.020269093983933943	0.02263174911089557	0.02648660747593822	0.03282847123778258	0.03755378149170584	0.040538187967867886	0.041657340396428655	0.05670372304707901	0.07635106568181253	0.08928349374518142	0.10532467855455245	0.1289512298241687	0.14772812057002163	0.15891964485562934	0.18664975502996842	0.23129150190255912	0.25833768559277775
	1	2	3	4	5	6	7	8	9	12	17	22	27	32	37	42	47	52	57	62	67	72	77	82	87	92	97	102	107	112	117	122	127	132	137	142	147	152	157	162	167	172	177	182	187	192	197	202	207	211
N4_2 - polyg	0.0	0.0	0.0	0.0	0.0	0.0	0.0	0.0	0.0	0.0	0.0	0.0	0.0	0.0	0.0	0.0	0.0	0.0	0.00012435026984008554	0.0006217513492004277	0.0006217513492004277	0.0011191524285607698	0.0013678529682409411	0.0018652540476012836	0.0018652540476012836	0.0023626551269616256	0.003108756746002139	0.003108756746002139	0.003108756746002139	0.0034818075555223954	0.004974010793603422	0.004974010793603422	0.004974010793603422	0.006093163222164192	0.00833146807928573	0.010694123206247358	0.013056778333208983	0.015543783730010696	0.020269093983933943	0.025864856126737796	0.036310278793304986	0.044890447412270884	0.04750180307891268	0.05533587007883807	0.06528389166604491	0.06876569922156732	0.07610236514213235	0.08716953915789998	0.10258897261807057	0.10989455097117562
	1	2	3	4	5	6	7	8	9	12	17	22	27	32	37	42	47	52	57	62	67	72	77	82	87	92	97	102	107	112	117	122	127	132	137	142	147	152	157	162	167	172	177	182	187	192	197	202	207	212	215
N5_1 - polyg	0.0	0.0	0.0	0.0	0.0	0.0	0.0	0.0	0.0	0.0	0.0	0.0	0.0	0.0	0.00012095262285762667	0.0006047631142881333	0.0006047631142881333	0.0006047631142881333	0.0012095262285762667	0.0018142893428643998	0.0018142893428643998	0.0019352419657220267	0.0024190524571525334	0.002781910325725413	0.004596199668589813	0.006168583765738961	0.007740967862888107	0.008103825731460988	0.008466683600033867	0.008708588845749122	0.009071446714322	0.009313351960037252	0.010280972942898267	0.01197430966290504	0.013546693760054185	0.01524003048006096	0.018505751297216884	0.026488624405820237	0.03386673440013547	0.038704839314440534	0.0435429442287456	0.055033443400220136	0.07438586305744041	0.0839411202631929	0.09785067189181998	0.11732404417189786	0.13232216940624358	0.15457745201204687	0.18142893428644	0.20477279049796193	0.22164568138660087

