	16.0	17.0	18.0	19.0	20.0	21.0	22.0	23.0	24.0	25.0	26.0	27.0	28.0	29.0	30.0	31.0	32.0	33.0	34.0	35.0	36.0	37.0
HB1_1	3.0	3.0	14.0	12.0	33.0	82.0	169.0	247.0	356.0	501.0	762.0	992.0	1325.0	1809.0	2306.0	2854.0	3999.0	5983.0	10596.0	33125.0	99871.0	440.0
	16.0	17.0	18.0	19.0	20.0	21.0	22.0	23.0	24.0	25.0	26.0	27.0	28.0	29.0	30.0	31.0	32.0	33.0	34.0	35.0	36.0	37.0
HB1_2	5.0	6.0	9.0	32.0	38.0	82.0	130.0	184.0	313.0	465.0	649.0	861.0	1144.0	1484.0	1881.0	2647.0	3608.0	5237.0	8708.0	22430.0	111980.0	3589.0
	16.0	17.0	18.0	19.0	20.0	21.0	22.0	23.0	24.0	25.0	26.0	27.0	28.0	29.0	30.0	31.0	32.0	33.0	34.0	35.0	36.0	37.0
HB2_1	2.0	0.0	4.0	16.0	28.0	70.0	134.0	214.0	340.0	506.0	718.0	964.0	1360.0	1777.0	2183.0	2928.0	4023.0	6051.0	11386.0	34615.0	91973.0	296.0
	16.0	17.0	18.0	19.0	20.0	21.0	22.0	23.0	24.0	25.0	26.0	27.0	28.0	29.0	30.0	31.0	32.0	33.0	34.0	35.0	36.0	37.0
HB2_2	1.0	7.0	16.0	26.0	47.0	93.0	136.0	194.0	306.0	449.0	613.0	821.0	1078.0	1443.0	1892.0	2575.0	3484.0	5213.0	8821.0	22218.0	107098.0	3057.0
	16.0	17.0	18.0	19.0	20.0	21.0	22.0	23.0	24.0	25.0	26.0	27.0	28.0	29.0	30.0	31.0	32.0	33.0	34.0	35.0	36.0	37.0
HB3_1	1.0	3.0	4.0	15.0	26.0	84.0	150.0	260.0	404.0	516.0	779.0	1136.0	1431.0	2011.0	2524.0	3383.0	4756.0	6940.0	12999.0	38925.0	97257.0	250.0
	15.0	16.0	17.0	18.0	19.0	20.0	21.0	22.0	23.0	24.0	25.0	26.0	27.0	28.0	29.0	30.0	31.0	32.0	33.0	34.0	35.0	36.0	37.0
HB3_2	3.0	5.0	5.0	13.0	28.0	76.0	99.0	167.0	192.0	347.0	443.0	655.0	898.0	1203.0	1534.0	2195.0	2966.0	4150.0	6094.0	10382.0	26805.0	112658.0	2936.0
	14.0	15.0	16.0	17.0	18.0	19.0	20.0	21.0	22.0	23.0	24.0	25.0	26.0	27.0	28.0	29.0	30.0	31.0	32.0	33.0	34.0	35.0	36.0	37.0
HB4_1	1.0	1.0	0.0	4.0	6.0	10.0	32.0	70.0	149.0	242.0	329.0	534.0	744.0	1022.0	1411.0	1763.0	2337.0	3127.0	4177.0	6380.0	11193.0	35043.0	110235.0	371.0
	14.0	15.0	16.0	17.0	18.0	19.0	20.0	21.0	22.0	23.0	24.0	25.0	26.0	27.0	28.0	29.0	30.0	31.0	32.0	33.0	34.0	35.0	36.0	37.0
HB4_2	1.0	1.0	5.0	7.0	7.0	35.0	51.0	107.0	146.0	218.0	297.0	496.0	635.0	841.0	1161.0	1603.0	2017.0	2731.0	3883.0	5764.0	9862.0	25132.0	120220.0	3961.0
	12.0	13.0	14.0	15.0	16.0	17.0	18.0	19.0	20.0	21.0	22.0	23.0	24.0	25.0	26.0	27.0	28.0	29.0	30.0	31.0	32.0	33.0	34.0	35.0	36.0	37.0
HB5_1	1.0	0.0	0.0	0.0	1.0	3.0	5.0	15.0	40.0	70.0	137.0	252.0	323.0	508.0	746.0	1049.0	1406.0	1780.0	2355.0	2968.0	4105.0	6298.0	11416.0	35596.0	97490.0	284.0
	13.0	14.0	15.0	16.0	17.0	18.0	19.0	20.0	21.0	22.0	23.0	24.0	25.0	26.0	27.0	28.0	29.0	30.0	31.0	32.0	33.0	34.0	35.0	36.0	37.0
HB5_2	1.0	0.0	2.0	1.0	1.0	7.0	24.0	52.0	105.0	121.0	176.0	286.0	439.0	632.0	866.0	1103.0	1501.0	2018.0	2671.0	3795.0	5419.0	9261.0	23759.0	111492.0	3116.0
	17.0	18.0	19.0	20.0	21.0	22.0	23.0	24.0	25.0	26.0	27.0	28.0	29.0	30.0	31.0	32.0	33.0	34.0	35.0	36.0	37.0
N1_1	2.0	7.0	22.0	45.0	75.0	174.0	285.0	398.0	611.0	898.0	1183.0	1563.0	2005.0	2611.0	3536.0	4668.0	6936.0	13080.0	41054.0	100721.0	325.0
	16.0	17.0	18.0	19.0	20.0	21.0	22.0	23.0	24.0	25.0	26.0	27.0	28.0	29.0	30.0	31.0	32.0	33.0	34.0	35.0	36.0	37.0
N1_2	6.0	7.0	23.0	41.0	96.0	133.0	179.0	221.0	331.0	552.0	705.0	960.0	1321.0	1694.0	2298.0	3132.0	4213.0	6474.0	10787.0	28296.0	115778.0	2952.0
	14.0	15.0	16.0	17.0	18.0	19.0	20.0	21.0	22.0	23.0	24.0	25.0	26.0	27.0	28.0	29.0	30.0	31.0	32.0	33.0	34.0	35.0	36.0	37.0
N2_1	1.0	1.0	1.0	5.0	3.0	24.0	33.0	78.0	144.0	261.0	351.0	554.0	842.0	1166.0	1606.0	2048.0	2565.0	3302.0	4630.0	6796.0	12782.0	41146.0	100624.0	320.0
	15.0	16.0	17.0	18.0	19.0	20.0	21.0	22.0	23.0	24.0	25.0	26.0	27.0	28.0	29.0	30.0	31.0	32.0	33.0	34.0	35.0	36.0	37.0
N2_2	1.0	5.0	8.0	17.0	40.0	73.0	125.0	142.0	234.0	348.0	543.0	709.0	933.0	1325.0	1748.0	2231.0	2987.0	4139.0	6075.0	10472.0	28088.0	116262.0	2778.0
	15.0	16.0	17.0	18.0	19.0	20.0	21.0	22.0	23.0	24.0	25.0	26.0	27.0	28.0	29.0	30.0	31.0	32.0	33.0	34.0	35.0	36.0	37.0
N3_1	1.0	0.0	1.0	4.0	14.0	26.0	73.0	155.0	228.0	358.0	543.0	804.0	1192.0	1610.0	2052.0	2680.0	3455.0	4709.0	7177.0	13073.0	40350.0	106047.0	392.0
	13.0	14.0	15.0	16.0	17.0	18.0	19.0	20.0	21.0	22.0	23.0	24.0	25.0	26.0	27.0	28.0	29.0	30.0	31.0	32.0	33.0	34.0	35.0	36.0	37.0
N3_2	1.0	0.0	0.0	2.0	7.0	21.0	34.0	71.0	117.0	172.0	225.0	352.0	500.0	735.0	988.0	1254.0	1727.0	2323.0	3128.0	4525.0	6483.0	10706.0	27441.0	120034.0	4098.0
	16.0	17.0	18.0	19.0	20.0	21.0	22.0	23.0	24.0	25.0	26.0	27.0	28.0	29.0	30.0	31.0	32.0	33.0	34.0	35.0	36.0	37.0
N4_1	1.0	3.0	4.0	5.0	28.0	66.0	134.0	244.0	340.0	474.0	720.0	1046.0	1344.0	1759.0	2186.0	2946.0	4001.0	6052.0	11722.0	36547.0	90883.0	331.0
	15.0	16.0	17.0	18.0	19.0	20.0	21.0	22.0	23.0	24.0	25.0	26.0	27.0	28.0	29.0	30.0	31.0	32.0	33.0	34.0	35.0	36.0	37.0
N4_2	2.0	3.0	6.0	12.0	40.0	76.0	122.0	144.0	180.0	254.0	401.0	657.0	837.0	1123.0	1536.0	2073.0	2730.0	3667.0	5599.0	9560.0	25178.0	103812.0	2824.0
	15.0	16.0	17.0	18.0	19.0	20.0	21.0	22.0	23.0	24.0	25.0	26.0	27.0	28.0	29.0	30.0	31.0	32.0	33.0	34.0	35.0	36.0	37.0
N5_1	1.0	0.0	3.0	7.0	11.0	35.0	65.0	104.0	200.0	303.0	462.0	757.0	1020.0	1333.0	1759.0	2261.0	2990.0	4084.0	6137.0	11183.0	34378.0	97774.0	487.0
	15.0	16.0	17.0	18.0	19.0	20.0	21.0	22.0	23.0	24.0	25.0	26.0	27.0	28.0	29.0	30.0	31.0	32.0	33.0	34.0	35.0	36.0	37.0
N5_2	3.0	3.0	6.0	13.0	24.0	46.0	121.0	145.0	185.0	325.0	514.0	700.0	922.0	1167.0	1595.0	2053.0	2712.0	3701.0	5436.0	9177.0	23395.0	109441.0	3670.0

